-1.005043864250183105e+00
-1.974901556968688965e+00
8.129239082336425781e+00
1.171565532684326172e+00
2.973031282424926758e+00
-4.427392005920410156e+00
5.967142581939697266e+00
-2.659092426300048828e+00
6.710699558258056641e+00
-4.339516639709472656e+00
-7.307592630386352539e-01
-2.010443061590194702e-01
5.427761077880859375e+00
1.351929068565368652e+00
-1.134873867034912109e+00
8.349522948265075684e-01
-3.390970945358276367e+00
-2.773213863372802734e+00
5.346754074096679688e+00
8.114897012710571289e-01
4.098882675170898438e+00
-3.321793317794799805e+00
6.227631092071533203e+00
7.814331054687500000e-01
-2.045678496360778809e-01
-8.233208060264587402e-01
1.270706892013549805e+00
4.252742826938629150e-01
-3.554858446121215820e+00
4.396818637847900391e+00
