-2.606761932373046875e+00
-1.661515235900878906e+00
-1.393800377845764160e+00
-7.105423808097839355e-01
-2.854960680007934570e+00
-1.605071902275085449e+00
1.061176434159278870e-01
2.291968762874603271e-01
-7.390841245651245117e-01
-1.577725112438201904e-01
-4.613068401813507080e-01
2.589079856872558594e+00
-6.829792261123657227e-01
-9.242942333221435547e-01
-1.012678027153015137e+00
3.021359205245971680e+00
9.726659655570983887e-01
3.579096868634223938e-02
-7.868475914001464844e-01
-8.254387378692626953e-01
5.545502305030822754e-01
8.455908894538879395e-01
4.152773320674896240e-01
-5.940722823143005371e-01
-1.145307064056396484e+00
-3.126370012760162354e-01
3.230302631855010986e-01
8.964655995368957520e-01
2.819392830133438110e-02
1.134482026100158691e+00
